15552830696
15552830697
15552830698
15552830699
15552830700
15552830701
15552830702
15552830703
15552830704
15552830705
15552830706
15552830707
15552830708
15552830709
15552830710
15552830711
15552830712
15552830713
15552830714
15552830715
15552830716
15552830717
15552830718
15552830719
15552830720
15552830721
15552830722
15552830723
15552830724
15552830725
15552830726
15552830727
15552830728
15552830729
15552830730
15552830731
15552830732
15552830733
15552830734
15552830735
15552830736
15552830737
15552830738
15552830739
15552830740
15552830741
15552830742
15552830743
15552830744
15552830745
15552830746
15552830747
15552830748
15552830749
15552830750
15552830751
15552830752
15552830753
15552830754
15552830755
15552830756
15552830757
15552830758
15552830759
15552830760
15552830761
15552830762
15552830763
15552830764
15552830765
15552830766
15552830767
15552830768
15552830769
15552830770
15552830771
15552830772
15552830773
15552830774
15552830775
15552830776
15552830777
15552830778
15552830779
15552830780
15552830781
15552830782
15552830783
15552830784
15552830785
15552830786
15552830787
15552830788
15552830789
15552830790
15552830791
15552830792
15552830793
15552830794
15552830795
